[LOD]
Width=1247.000000
Height=1247.000000
Depth=140.000000
ShiftX=0.000000
ShiftY=0.000000
ShiftZ=0.000000
Scale=1.000000