[LOD]
Width=140.000000
Height=110.000000
Depth=140.000000
ShiftX=0.000000
ShiftY=10.000000
ShiftZ=0.000000
Scale=1.000000